11011111110001100000001110000010
11111100110000001010001000100000
00001011110000000000000010001000
11110101000101100111000100000110
10000000100000100101000000101000
11111110001000001001000010000000
11001000010101010110000110100010
00111101100101001110000111010011
10010000000100000010000010110000
01101111000000010001011101000010
01110101100010000110000010000000
11111111100101010010100110000010
10111100100111001101000000000000
10100111001101000000001110100010
11011100110001101110000011000010
01101101000101001010100110010101
11111101111101101110000011101010
00111101001101110101011010101100
01111100010101000100101100000000
01001010010000000000100010001000
01111011100101101011000011100000
00011011010110001101000110101010
10010111110100101110101010110101
10100110010101011101001010011010
00001100010100010010001110110100
11010101110101001010000110000001
10001100010101100000000010111010
01001100010000000000101000000010
11111001110111111111101111110001
00010000001100000000100011000010
11111110110110101101001010101000
00001100010101010010101010101010
01110110001101010011000011010100
01011000001000000001101110110000
01000010000001010000000111000001
00000001101000000000100010010000
00011101100101001110000010001001
01001100100000010010110100000010
01101100001101001011000010100000
01111101111101001010001110001000
11111101111100010101000000011010
10001010100100000001000010000010
11111111110111010101101111001000
01111110011100100010000010010101
10111111010101000010101111000000
00011100110100000100010000000001
01001000000101010010110110011100
01001011000000000000000011001000
00011100010101000000100110100011
01100100000101000000000110010011
11111110100100001110001010100000
01101001000001100000000100010000
10111101101101010110100010011000
11010001000101000000100010101000
11101101110001111001101111000001
01111011110101001100000110001000
00001110100000100001010010100100
11111001111111111110110011111111
01001100010000000001000010010000
11110100111101000110010010100110
11111011111111011101011111100011
11101100110101111011001010100000
01101100110111010100000111010000
11111100000100010110000000100000
11111111110111011111000110110010
00111000000001110010000010001110
00000000100101000010100010000000
10111111110001001100001011100000
01111000001100011001011110001001
11111111111111011111111111000110
11011010110101001010111111111110
11111100101110110010100101010001
00011001100101101000100010010010
11111101101011111110101111100111
11011101010101101001101011010010
11101100010100110111100010100000
10001001110001101010000010100010
00001000100101000100001010000100
01111100110101000001000100100000
11011111001000010000000100000000
00000100000100000000100010011001
01001000000000011010100100100010
11101110010101000001000110101001
00010110111000100000000010100010
01001010010000100001010000001000
00001000000101101000100010010100
11111101000110100101001010010001
01000100001100001000001001000000
00001101110100001000100000011010
01100101000100010110000010000000
11111111110101111111011111110110
10001100000101010000000011101100
01110111101101001010000110010100
01011000010000000000000000000000
01111100010100010010100010010000
11111101010101011110100011100010
11111101110101111110100111001001
01011101011001001000100000101000
01110011111101011101100011000000
00000000100100000000100010000010
11111110110101111100001110101000
11111101110111110111001110110100
01111110010101000010100110000000
11011101011101111111001010101001
10001100111000000000000100000000
11111111111111101111001011100010
00011000110011000110000011110010
10101100011001001100100000100001
01010101100101000011010010011000
10111111101101011111000011110010
01110000000001100000000000000000
01101110000000000100110010000000
00111100101001000010001111000000
01001000100000000000010010000000
01011100110100111010101011101000
01000100000001001110000000000000
11011011111100111011011101000010
11011101101101101111001111110100
01110011011111011110011111010100
11111101111000011100010001000000
11111101110111111111110011100110
11101001100100000100000010000000
10011100110100001110100010001001
01001000010100000000001000011010
11001010000000001000000010000100
01110111111101111101101010000011
01011010110100001010000010000100
10111111110111111101001110000000
11111011101101001110000010000000
11011101110001011111001100100010
01011000110101111011000011010100
00001111001101010000000010001100
11001101010000000011001000000001
00011000001000100000000000000010
11111101010100000010001000000010
01101001110111101110010111011010
11111110111111010101100010000011
00010100010000000010100010000010
01000000000100000000000000000000
00111111110111101011101100001100
01111100111101111000011110001110
10111000010101001100100000100000
00011100010100000000000110011110
00001010001000000001000100000000
01001000010001101000000010000000
11011101111101100000100010000111
00011100010000100110100011000000
10110100001101010111100010101001
00001010110000100100100010001000
01001100010001110001010000101110
11001101100110101111101010010101
00101000101000010001110010001101
10001100100100001110101010111011
01100001101000010000000010000000
00000100100000000100000000000000
00001000000100100000011010100000
01111111111001001010011010111010
11110101100001110110001010001010
00001100001100100000100010001110
00110111000001001000000100000100
11111100010101011110000011100010
01111001111101001010000111000000
11001010110111011001100111110011
11111011111111101111101111010001
01011110011000100100000000000010
11111101111011111111010111111010
11111000110101100111111010010111
11001111010101011100100011001000
11111101001001001010000111100000
10111110000101011110110010001000
11111111101111111111011011010100
11111001111101111111111111011110
00000011100001110000001110001000
01111101100101010110011010001001
01111101111111101111111011111111
11011111011101011111101011101011
01111001101101000111010111111011
11111111110101001011110110110010
01001100100001100011000110000010
00011100000101000100010010010100
11111100101001011111101011100110
00000001100000000100000000000000
11111100010000010101111110001001
11011101011000000011010011000010
01011111100011100010111111001111
10000000100100000100001110001100
11111111111111111111001011000011
00100100100100000111110000100000
01111101100101101010001011101000
00101000000101101001000010011010
00110110010001101110000000001001
00011000001101000001101000001000
01111101100100100000000110100000
01011101111101001010000011101001
10111001111101111011001011101111
01110001000101000000000010111000
10001111101111011110001111010100
00001101000001000000101000000001
01111111010100001000001011100000
11111000001101011000101100001000
11111110111101100000111010101100
11111101111101111111011011001110
00010000000100000110000010000010
11111100100111100010000000000010
00000101001000100000110110100001
11111111111111111111111111010111
10111110010101011001100011010000
01110111111111001111011101100000
00101100000101110101001100110110
11111111011111111111101111111011
01001101000101001000110110100000
00100000100111100100111110011100
11011101100100101111101011111000
11111111111101011111010110011100
00001000000101000000010110011001
11000010000100100000100000100100
10111101110101101110101010110001
00100000000000000001000100000001
00111100000001000010100000111000
11011000000101010000100110000010
11111101010101000100001110100010
11111101100101101101001011010110
10000110000101101000000011100000
00001011010000100101000010100110
10110101100111101111100011010111
01111111001101111101011011110101
00111110101101000110001010000010
01111100111100110101100011011110
01110110011000101000100010010011
11111101111101110000000000000000
11011111111101111111111111110111
01001010010000000000000000100000
11111111110111010011000111101001
11011101111011010111001000110101
11111000101101000011101011000001
11111101111101100110000111111110
11110111110101111111010111110110
00010001100001100000000010001001
01011111101101000111010010000111
00111000000001101100001011011010
11111101100110011110001010011110
00000110000101001010000000000001
00011100100101001011100011000011
00101101010101000000100000000000
11101011111101001111110010101110
11110111110001111111111111110111
10010111111101111111000011111010
11111111110101011110010011110011
01111110111100001111011010011011
11011000101101100111101111001100
10011101110101011111001110001000
00111110001101010110101110000110
01001000000101101000100111010000
11111111101101101110000011001001
01111101001100000110001000110000
11111011111101011111100101111011
11101101011001100010010110001010
10111011100000010000100011101110
11101111011101000111111110100111
10011011110101010110001011001000
00011110110000000011000000000010
01111100100001000000101010000000
11011101110011000011101110011010
11111101110101101111010111010111
11011111101100101001010010001010
01111100111101111100011110100111
01111101110101001101010011111011
01001010010000110001010000101110
11111101111110001010100010001011
11111010110101100111101110110111
11110101110101101011001010111010
11111100101111001100010011000001
00101101111111101111011001111111
01111110010011101010001010100100
00111100110111111111001011101000
10011101010101011110010011000000
01001000010000010001000000000000
00110000110101000010001000110000
11011001110101100100100101100000
11111101111101001101101010000100
11111001101101011010110110000000
01110110100100000001010010000000
00001010001000000000000101110100
10001010110001100011000010110010
11001101111101100000111010010111
11001101000101010000100010100000
00001000000000100110000110100101
00111001101111100110111011100110
11101111110101000010000011010110
11001001110110010110001011011000
00111100110001000101000110001000
11111100101001001011010110010101
01101000000101100000000010001100
11011110111100001010001000000000
11111111111001101011101011010010
11101111101101100111011111100000
01111100000001100111100110001001
11111000011101101011001100111000
11101100111101001011000011101110
11111010101111111010010000000000
01111110011100100110001010100010
01111111111001000010110110111000
00001010100001000001000000000010
11101111000111101010101111100001
01111100000101100101100110100011
01111000000100100000110010100100
11111100010100100000000010001000
11111001001101110011111011011110
10011001110101000110010010100000
01001101010101000100001101101010
11111110011111110110100010110101
11111111110001111110010011000100
01111111111111011111111010100111
01001101100101101000000010100000
11100000000100100000110110010000
01111101101001000011100110011110
10001010010101100100000110000010
10001101110100101110000011011001
11110101111101111101100111111011
11111101111100111111101011011000
10011011110100100100000111111000
11111011011011110011010011000100
11111111111101111111111111011111
11111111111111111111111111111111
11111111011000011110110111110001
11111101100100000000111011011110
11011101110111011111101011110100
00001000110101110000000011000010
01011110111101101111110011110000
11111111111111110111011010111110
00111100010110101110110011010110
11111000111100100110111010110000
11111111110101111101010010111000
01001110110000000000010000001100
01010001111101010110100111000000
11111101111101110110001111101110
01000010110000100000010000100000
11111111111111101111010011111111
01011000000101000101000100100000
11000100111111110010010000100000
01100110000000000010011110100000
11111101000100111111011111101110
11111111100111001110110010110100
10111001010001001010101011111010
11010101110111101111001111011001
10111100110101101000011011000010
11111111011101011010011110000110
10111101111101101100010111111101
00111101110001001010000011000100
11101100010001000110110010000110
01111110010111001001011111010001
10001100000100011111001000101010
01111100100101001010111111011111
11111101110111100111110011100000
11111000111101001111011111011100
11011110100100100000101010100000
00001100000101100100000100100000
01110101110111000011110000110010
01001111110011001111001010011011
11010001101101100011000011000011
11101000011101101000000011011000
01111111101101000110001111100101
01001000000000000011000010000000
11111110111101100111000011010010
11111101010101001010001001000010
01000100000101000000001000000100
11000100100101111011100111101010
10111101111100111110000111000000
11111101110101101010011011011000
11111101110111111110111111111111
10100001110001010000100001001010
11011101110101101000110110000100
11101101001101111100000111000010
11111101110110111110111010011110
01101100000001001000100000000100
11101111110101111111101011001011
01111111101101111011000111101000
10011101010110001010101010000010
11111111111111111111110111010111
01111111011101111111111010110110
11110111110101101011010001101100
01001111101101001000100011000011
10111001101101100111101010010011
00000001010100100010000000001100
11111000010101110101010110100110
11111101001111101001001110011010
00111010111110111111000011111110
11111111111101111111111111011111
11001111100101000100000111100000
01101010010001100010100011111000
11011100100101011111101011100011
01101110010101011111010010011010
11111111111111110111101110001011
01000100100101100010010110001010
11011111111111110111001011100010
11111110111101111110110001100100
11111111111111111111111111111111
11111111111101101110111110000110
01111111111111001111011010110111
11111110101101100111100010110100
11101000110101000011110101100000
11111011111111001110110111101111
01110100011101100010100010010110
10100100111001000110000000100111
11111101110101011111101011000011
11101110110100011101010011101000
11111111111111111111111011100101
11011011011110001110111101010101
01111100010100000010000010000000
01111111101110011111100111001010
11110111100001000110111001101010
11111101111111111011110110110010
10101011000101110000100011000011
01111010001101000000000110000010
11011111111111101111110111010011
00101101000001000111000010100010
10111110011111000001010010011011
11100100010101011100011110100000
00011100110101001111111111110111
11111011111111010011110010111111
01000010110000000000000000100100
11111001001111110100111111010000
10011001001001011010100010100000
01111111011111111111011001101010
01111111111111111111111111110111
00011000010001100000100010100010
00000010010000000011100100100001
11111111011100001001001010000000
11111111111011111111111011111111
00001010001101000001000110000110
11111011111101110110111111101011
00011000000111001110000011000011
11010100110101000011001110100000
01011101001001011110100011010100
11111111110100110010000011010100
00111101111100100111000010111000
11011100100101001110110001001001
11101000000100000000000010101010
01101001110101111100000010010000
01111101000101010111001010101000
11111111110101001110100011110001
01011100100101000100100011100000
11101001000100000000000010010000
00001000100100000110000110101000
01111110010100011011000110101000
11111111111101111111110110000100
01011000001001100001100000101000
01111001111101001011100010000011
11111100010000000000001010010000
11111101110111100110011011101000
00101011101111001101110011101100
11100010100001010100100010000110
00111001000010101010010010000001
11001101110001001010101111011010
11111111111010111111100111011010
01111111101100001110100010101101
01101000101101000111111011001110
01110101110101100011100010000001
11101101100100100001000010011011
11011101110101101110001011000000
10111101111001100111111011100111
01111101110100001111101011100110
10111101110001110001100110101000
10110110100101101110010010101011
01011110111101000110101010000001
11111101110111011111010011000110
11111011110101011111000011011100
11111011111101011100010011110000
10101000100111100000000000111001
11011000010001000010100010001110
01011000100001100111001111100100
01101010000001001000100110100011
11111110111101011111011111000110
01001001000100001100100100001100
11111100100000111111111010000000
11101111000101001010001010100000
00001100000100000101001110100000
10011010101101101010110111100000
11111111110101111111110110110011
11011111111111001111111110010011
11111111111000111011100011101000
01000001011000000000000010100100
01111101111101111111011011111111
01010110100100100111110011011010
00001001000110001111110110001000
11111101110011000110100000000010
11111101010101101111001011100001
11101100110101000000001000100010
11111010111111111111010111111110
01111101101011000100001000100000
11011000000101100011100010011010
11111111010010101110001111000000
01110101100101000111101000001000
11111101100101011110011111100010
11110101100101110110011110000101
01101101000001111000101110100001
11111100110110001000100011011111
00111101000101001010100011000011
00001111110101100110110011000101
11111101000101101110110011000001
11111111110111100101011110111010
11011101100101001111011111001011
01111100111101010010100010000011
11111001111111111111101111110010
11101101000001101000100110011011
01111111111101111110011111111110
00111100010111010111011110111010
11110101111101111111111010111010
10111110011001001110100110100000
10000110011110000011000101100000
00101000110100101000110010000010
11011101100111101101101001001000
11111110111101001011000010101111
11111111111111111111111010110100
11111001010111001100101110000110
10111101010101001110000010001000
00001100100111001111011111101010
11011101100101100011010110000010
01001000000101110011001110000010
11111000110000000010110010001111
11111111111111101111011011011011
01000001000001000001001000100000
01101011000101101000000110111010
11111101111101000011000010111000
01111101111101001111011101110001
11001011100101110011111011000000
11110101111111110011111011110110
01011001000101001001010011110100
10101101111011011100001011000010
11011001110100111110011011011011
10111111111101111110110111100111
01111111111111111111110111111110
11111101111111111111110111110111
11111111110111111111111111101111
00001000010100001100000010001010
01000001100000101000000000100000
11011111111101111110111111111101
00001000101101000011000010100001
10011010111100010010101110111000
01001110100000100000010000100000
00001111100101000100000000000100
01111001100101100110011001101010
10111101011011111011001011100111
11111111010101011110100110001111
10011100110111101111101100100010
10011100110101111010010110110011
10111001000001010011100010111000
01101001101111100111000110000110
10111101111111101111101111010010
11111110100101000011100010101000
11110111111101101111100011000000
11111111110101001101100011111011
11111111111001101111100011110001
01111111111111111111111111111111
11011101011101110010100010000101
10111101110110111110100011000000
11011101000001101000100000000000
11111110101100000100110001010010
11111101110111011111010110111111
01001001101101001000100011100010
11101111111111111001111111100010
10111101110110010101011111100100
10011001101101001011111111110010
11111101111101111111011011111011
10111100110100001010001011100000
10111100100100000011001000110011
01001111000101000010000010000000
10011100011001100000001001000000
11011100000111101100100110010000
11111100000101010010110010000111
11011100110111111111111111110100
11111101111111111111011011111011
00101110100101110101011110001000
11111101101100011111011111010111
11111111101001101110001111001111
11111011111100101111010011111110
01111110100100000111100010010000
11111101110101010100001000000000
11010100110100100110001010110000
11111011110111111111111111100111
11111111111111111111110111111011
11111001101111111110010011111110
01101101010101000010000100000110
10101111111111101101010111001010
11001100100001100101001010110000
00010111110001000000000011111100
01110110001111111111000010000000
01101000010101100100001111110000
11111100100111100111000010000000
11110001010111000000000001101001
00001001100101001101000110011110
01101111111101011101111111001111
11110011111111111111101011000001
01110001010101011100100011110110
01111111111011110111010011010010
11111111111101111111111110011110
10011101111101011011000000010010
11111111110111111111101011111010
10000101110101100001100010011000
01110110010001010000100110000010
11011010111001111101011111100001
11111110111101010110001110001000
01000111010101100101111010000000
10011101011101011110001011011110
10111111111111111110101011110011
11111101100100000000000100000100
11111100011000101111000011110001
11111001110001111010100011111000
10111100101001100110010010101001
11001111111001000101000111101011
11101101110110011111010010100110
10111001111101111111110111110010
11110101111111111111111110011010
01010111110101111111100011100011
00010110011101010001100010001010
00000000000000000100010010000010
00000100010101000000000000000100
01111111111001110111011110110111
10000100010100001000101010010000
10011101110100101111111011000111
11111101110100111010010011110010
11111111111111111111111011100111
10101011001001101011000010000010
10011101010111010110001110111010
01011110010101111111001011000000
01011101110100000100011100001001
01001010100000000000000010101010
01111110101111000110110010000100
00001000101010010000100000000000
10101001000101101000001011111110
11011000010101101100101111111110
00011111110101001101010010001000
11011111111111111011100111111010
10010011010100100011000010011000
01000010001100000100100000011011
11011000011101001110101010110001
00000100000100000101001110100000
11111110111001111011101000011000
01101101001101010000000010001000
00101000010100100100000100100111
00001110111100000110000010100000
01111111000101001011000110010000
01010100011101101100001010101000
10110001011100110111101010101100
11110110001101001011010010010111
00101100100001100100001010000000
10010100010100001010001010001000
00001110001101000010100110001000
01000000000101000111010011111011
10000100101101000000001100100011
10111101001101000011110110011010
01101101110100100110000010010000
01000010011100000000000010000001
10010011101001000010100000100000
11111000011101111110010110000000
11011101100101001101100010011110
11111101111110011111100111100000
01101100100001000010000000001000
11111011111111111111101111111010
00001100110110100111001010000001
01111111110011101111110110001111
01111101110111011110110011001010
00100111100101100011000011000010
10110111111001101111010011001000
11111110101101111111010110100101
10110101111100001011001010111101
01111100011101100011010010101001
10111101010010101110111011111001
11011100101100011111000010100111
11111100011100101000000010000011
00100010000100001000001110011011
11011100100100110110101010101000
10101110110111010110001110110110
00001100001001001101001000000011
00011111110101101001000100000000
01111000110001010111000010110010
10011111111111111111111111111111
01111111100010010010000110001010
00101011000000010010101000100000
00000000000101101000000010101001
01010101011110100100100110011011
00011101111111001001000011100100
00110000100100000001000000000000
10111101010101111110000110001000
11001111110101100011011111010101
10000010010000000000000010101000
11001101111111001111011111110011
11011110010011000110101000011100
11111101100011011110000001111000
00111000101001001000000001100000
11111101111111001011010011110000
10111110111100000110001011101000
01001101000101101011100011110010
11111111111101101111110111111110
01101100001101100100000110010011
11110111100101101110000100000110
00111011110101001010010101101000
10111110111110011111000011101010
01011111001101010000100110010001
00110011010001001000001000101000
01110100000001001100010110100000
01111001111101001100101101110110
00001000010110100000010001101110
01001001110101000100000000011010
11111101101111111001100100000100
11111111111111111111011010110110
10111101110111111101111101111111
11100101111101101111000111100010
00011100000101011011000010110000
11111101111101101011111011101111
11111101111101101111111111011111
10011001110100110000101000000000
11111111111101111111011111011110
11111111111111101111111111111111
11111111111111011111011111110111
11111101110101100111111000110000
10111000100100000110110010000111
01101101011100000000100010001000
00111111111101101111011111111111
10001111101101001111100111000010
11111111101101111010111110100110
10101100000000001110101010010000
11101100110111110000001010100000
01110001010101010000101010010000
01101001100110100101001010110001
11110000001001100100000001000111
11011111011101001101111011010100
11111101111111111111111011110111
11011100110110010011001110010001
01000000001001000010000010010000
01111100100001010000010011000010
11000111000001100000010001100010
00001001110101000000011010100001
01111011010100010110011011110000
01111101111111111101010011110110
11111100110101000011100110000010
01111011111011100101000010000000
11001000101100101000010111110000
00001011100000100000010000000000
01011110111101011111110110111111
11101100011101000010100110111001
00110000010000000001000000001000
01111001100101101010010010111101
10011100010000000010110010111010
11110111111111111011001111110010
11110111110111001011011111110010
00000000000100000000100010001000
01011100110101000110000110001000
11001111010101111000101111100000
01111100110001000011000000000001
00000110001010010000010100000000
11111101111111111111111111110101
00001010011000000001010010100010
10111100100001001010110011000000
00011101110100001010010110100010
11110101011111111111011111111111
11111111111111111111111111111011
01000011100000010011100100000011
01111001110111001011110110101100
01000110110000000011010000000000
00001000000101000100010000000000
10111001110001101100001111000100
01111100101001101111001011000011
11111101110101000000001010001010
11111111111111101011010011011010
11111111111111101111011110010011
10101100101000101000001011000000
00010000000001001000100010010000
11111101110001111000111011101011
11111101111101101111111111101010
01111100100101100100010010001010
10101100100101101110110011010010
01001010100000100000000010100000
11111101110111111111011011010100
11111111111111111111101111111011
01110000011101001110010010100010
11111011111101011111011011100110
01111101101101011111111011111001
01110000101100000011001000000000
11100101111001100011001010011010
10110000001101000001000000100010
10011100110101101001100010101011
11101111110101101011111010100100
01011101111101000010100010110010
01001001100000100000000010001000
01111101110101101110000011101001
01110111100010001110011010110110
11111001110111101111111011111111
11101001010100101000000110010010
01111011111100000011001110010000
11111110011101101111001111011010
11001100010001010100100010000000
11101100110111100000000010000001
10001100111101000000101010110000
11110100010001101010110111100000
11110101100100101110111011000010
01011111010101100001101111000000
11011101111111111011111011111111
00010000110000101101000110000010
11011101110101101011001010011000
10111101101101001010110010111110
11110110110111010110000110100001
01111010111001101111000000100000
01111001100100100000000100010010
11111101111101111111010111011000
11111111111111101110010001100111
01111110111101110111001111010111
01001010101000000000000000000100
11110100010101001111000010011100
11001100111001001110010010010010
11011000110001111010010010001110
01111111110101010101001011000001
11111101100001101010001110111110
01001000110101101101101011101110
11011000010101011010011110001001
11001100000100000010100110100000
01100100010101010100110100001000
11111101011001001011010111001010
10111111110111101111100111111001
00111110010100000000000100001000
01100001110101000011000010100011
11111111110111111111100010010011
01011101111100010101101110000101
11111101000111000100001111101101
11001111111111111111011110111110
00011101100101111010100000111000
11001010100001100000000010100000
11111101100101100011010000000110
01110100010000010100100000000001
11111101110100100011000110101001
01011011000111001000000000111010
01000010101000000000000010001000
01111101110111101111111111111110
01111111110101111111011111000010
10011001001101100111100111010100
11001011111001100001011111100100
10011101110101101010000110011110
11001010110101011110100011010110
11111111111101111110001111011010
00001000110001101100000100011000
01011100100011100100000111011001
11111101100000011010010011100000
01101101001101100011001111111000
01001001100101010100000010100010
01100001000001001000000010000000
01001001000100000010000000000100
10101001100101100011001010110001
00001000110101000000011010000011
11011011111111010000100010101110
00001010101100100001000010000010
11010101110100001011101011100000
01001000000110000010010100010000
11111100101011100000000011000010
00101100100101100100110010000000
10111100000101101011001010011010
01111100000101111000110111010001
11111111111111001111011111111111
01001010110000000000000010000000
00001010010000100000011000000000
11101101100101100001000010000110
01111101111100101011100011010011
11110101111111111111111111111111
00001001001000000001000000000000
10111111110111001111011111010110
00101000000100010000110010001010
00010101000100100000001000100100
01101010100101001001010111100000
11111111111111011011110011101001
10101000000001000000010000000110
01111111111111111110010111110110
01100110000101110100000011010000
00111100000001000001000010101110
01111101001111001001001010000000
00000001001001101000100000000000
10011000001001100000100010001000
11111111111111011011100111101010
11100111111100101010001001001000
10001011100100100000000110101001
00000000100000010010100000000000
01111110011101011110111010001001
11101000010101100110000000010010
01001000001101010000001110100000
00010000000000000000000000100000
01011001111001100000100100001010
11111101011001100000000001100100
11101011110101100110000011111011
01110010111111101101010111101010
00101100101001000000110110100000
01001010001100010001100010100010
10011011010101001101010010000010
11111101100001001101010010001101
00111101100101110010010000010101
10111011110101101100001010101100
11111101111110111101010010001100
10100101110001111000001011010010
10011100000101000111001011110110
11101110110000010011011010000000
11000001000100000001000000100001
11111110110111001110011011100100
10001100100101110010001111110011
11101101010111000011100111000000
01000100110001001010000010110000
10011111111110110110001010111000
11101001111111101110101010010001
11111110001000001000100110001010
11111101100101010010100110010000
11111111111101111111111111111010
01000100001111000100000010000001
11011111111101111111111111111111
10001100000100000000100110001000
10001100000101001010000010010000
00101001001101101100101011000000
11111001110111000110000110000010
11101101111100011110011110000000
10111111111111101111111111110111
01111101110100101010001011101011
10111111100010011011111011001010
00011010001100101001000010010000
10011110011001001100111001011001
00001000000000000000100000001000
01001010111100000001010000001010
11011001111100100100001010011010
01001010001000100000010010000010
11111110111101100011111110101010
01001110010101001100000100001000
01100101110100000000001010001000
11001000010101101011001111110100
10101001000101010011001111101000
11100000110101010000000010001010
11011001110111001110111110010111
11011111111111111111111111010110
11111111010101100001000010011100
10011111101101101001001011111000
11101101000100001100000010001000
00001101100000010000010010000000
11111111111111010110011110001010
11111000000101100100101110000000
11011111001101001001100011111010
01011100000100000001000010001010
11111101010111101100000011010000
11011101110111101111110111110010
01001001101000000001010000010000
11111011111111111111111110111111
01101011100001001011111111000111
00011010011111100100000010010000
11111111110101111011001011011010
11110101110001110101010100011010
01111111110111001101100011010000
11001101111100111111111011111111
11111000000101001110000011001100
11100101110111010011001010100111
10010100000101100000110110001100
00100100100100000010000010000010
11011101101011110011000001000010
11011111101111001001101110100111
01011101011111011111100110111110
01101110011001010000000000000000
10111101111101100100000111001010
00111110111101101110000110100110
11111111110101111110011111110000
11111111111111111111110111111110
01111100000001001111110010100000
01000111001101000110100000010000
01111110111001001010001110100110
11111111111101101111111111111010
11111111111111011111100011011111
01111101001100110111010000011000
11111111111111101111111011011111
11111111111111101011001111011110
01111100010101000010100000000111
11011111111111000011010111000111
11011111110011100011101110010010
00001001110100000010111010101000
00001100010001101000010010010000
11111100100100111010000111000001
11001000000111101000000010001000
11111001100111111001101101010100
11100101111101001011101010001011
11111101111001111111101010011010
11111111110111111110100001011001
11111101100011111111010011110000
10001111111111111111101011100111
11001010110101111111111111110110
11111101010101000100111010100101
10111100110111111111011111011100
11111111111101000110011110000111
00000100011101100010000000010111
01011101100011000100101010010010
11010000101101000111000011100000
00110001101100010100000100101010
01101100101101011100110000101101
11111011111111101111011111111101
11011111101111111011011111010110
10111101110101110111000010011010
00100101010101001101000000001000
11000101010100000001010011001010
11111101111111111110110111010111
01001010100101001000001010110010
01110111001001000110000010000010
00111110111101000110001010100000
10101001000101100011000011100000
00001000000000000000000100001000
11111100110101111111101110100011
00111100000101000001100010100000
01001101100110001010100000000010
11111101111101010011011110000001
10110101111101111110000011000000
11111110101101100000110010101110
00000010011101000000010110000001
00001100010101000000011010000110
11011110010001101100000010000000
11000100010100111010000100111000
11111011111110000111000110011010
11011110110000000000100000010000
01001001000101000010011110001010
11101010101001010101010110111010
01011101100110111101101110001001
01111101101101111100000110000000
01010011000101000110000110100010
10010010001101000101010110010010
11111101111101000000011010000010
11011100110001000000001000000000
11011111111001111111111111100011
11111101110100100001110010101101
11011111101100001010000010001000
11110101101111111111111111001111
11011111100101000101000110010000
01110101100111111101111101011100
11111010111101111110111111101001
10001101100101110100101110001011
11011111111111111111111111111111
00111110110001000000010010101001
11111100110101110111001011101010
01101100100100001000000000100000
11111111111111111111111010011111
01000100111101001000111010100000
11111111111111101111100010011001
01011001101001001010010011101101
11001100011011101111101111010000
11110111111111111111111111110111
11111100110101000010000010001010
11111101111101101101011001010011
01101000110101100010001000000001
11111101110111111110011010010010
01100001100100100001010000000000
11111100110111110010101010100000
11011111110111001110111111011100
11111110100000001011100111100110
11111101111101011111011110111010
11010101110101101010011110110001
00011011111101101111110111101000
10000101110111011101110011111111
11111001110111001111111111010101
01101000010101101100100111001001
01011001111111111101111011110101
11111101111111111110111111101011
11111111111101011111111111011011
00001101011101001010011010101000
11111110110101101111111111001100
01001011010000000000010000100100
11101000000101100000010110010000
10001111010001111001100010100010
11011101100101001000001100100110
10111001010111101110001110101010
11111110111101101111110011010011
00000000000100000000000000000000
10000100000100111001001011100111
11011000011100101110100010100100
11101100110111011000100010011010
11011111111111101110100111000001
01111011010110101100100001100000
11111100101101111000100110110001
10110101110111111110000010100010
00011100010101010010001100100100
00001100000000000000000110000010
00101100011011010001000010011000
01110100010100001000100001001010
11111110110100100111111010010111
11011101000101001100110000000110
11011101111111111111001011110110
11111010111000100110000110010011
01111101110101110000011010000001
10100000010001000001010001000101
11111111011101001011111011110111
01110011000100000010000010110000
00001010010001000010000010101000
00011101000001010100100110101000
01110000000111101010001000101000
11001010100100000000000000100000
11011100111101111111101011110110
10111101111101011111000010110010
11100100000100011000000011010011
10101000000000000100101010100110
11111101111101111111111011111111
10111101101111110100111111010111
01011000010100011000110110100111
01111011111101101010110111011001
00101000010100100100000000000001
01111111111101101110111011111111
01011000000000000000100000100000
11011100001101001110110110001000
11111111000011101111110110000101
00000000000010110101100000000010
11111111111001111111101111111011
01100100100101000100010110000111
01011100000101100110000110011000
11111101101101101111001111000010
11010101100001000010000010100001
00011111001101010111111010111110
01111110111101101011100010010101
01101000000101001110000110001011
11011101110111100100001010000010
10101100010100000011000010000000
11101101110110100101001010010101
01111100111101001000001010010000
01010101101110000010000010110010
00111000100101101000011111010001
01111100101101001010011111000111
01011100000101000001110010000000
00001000001101100100010010010010
11111111111111111111101111111011
11011101110111111111111111111111
11111100010101101010110010111001
11001011101101011111101111101001
01111111111111011000100011000010
11110100100001101111101011101001
11111100010101001011101111010011
10001101111101110100100111001000
11111111111111111111011111111100
11111110100101010111111011010111
00000010100100100001100010000010
01101100000100100110111110100000
11011011101111100011011011101100
11111111111101111111001111100111
11101000111001000110111110100011
11111111111111111111111011011110
11111111111101101101111011101110
11111111111111111011110011000010
11101110000101100000001110001011
11101000111101100011011011100000
11111100100101101000110111001000
10111111111101100111110110000000
11111101011101011110001011000001
10101101010001111011001010001010
11101001111101111111000111111010
10011100011100100011001100101000
01110100111100111001111111100100
01001010111000100001010000100100
11001111011101110000001000001011
00111101100000110001010010001100
01111101100101101000001111001001
11001001100101000110110110000000
11011111111111111111010111111111
11111000000001000010000010010100
11111111100111111111101111100110
11111101011110011010000010101110
11111101111111011111001111001111
10111110110101110111011111001111
11111111101101100011011111001010
11111001110101001000010011100001
11111101111111101111101011110111
11111101100001100011101010011101
01110011100101010110010010011010
11111011111111111111111111011111
01010000000011000101000010011010
01101011001101101001111000101100
10111101111111111111101101111011
11111101110111101011101011101001
11111100011000001111011011010010
11111111010101011101010011101010
11011101110111001111101100000000
01111111110101000011001111111010
11111101110111101111111111111101
11111001100000000011101010100001
01110110110101110000001011110110
11111111111101110111000011100010
10011011001101101111000111100001
01111111111011011111011111111010
11111111111111100110000111000010
11110000110100001000101010111000
11111101010101101001000111110011
01111100011001001001001100011001
00111101010101100000101001100000
11111101101101111011101011011110
11111101111111101111111111010110
10011101010101101110000010000110
10110010010101001010000001010110
01111101101101000110011010000010
11111110111101101011100111011111
10011000110001101000010010100001
01001000100000000000010010000100
01111101001001000010000001001001
11111100111100111010111011010111
01110111011111111111011001000010
11111101100111000111101110011100
11111101111001011011000101101010
10111110110101111101010010010010
01111111110111111111010111110010
11111110111100010010010110000010
10111100010100001000010001100001
11111000110101001111000011000010
11111101111100111010100010001001
00111101010101100010010011000000
11111100010101111010000101100010
01111100101101100011000010000000
11111111111011011110111111011111
01111011111101101111111010111111
00111101111101111111011111011111
01110101101111011011110110011001
11111100100101111111111010101110
10111100111111111111101111110000
11101010100101000110100111100010
01001100101101111110000010000010
00011000000101010010000000000000
10011010100101001010001011111010
00001000110000100000010010000010
11011100110101000110101011100011
11111111111111111111111111111111
01111111111111101111011011010110
01011000110101000000000010000001
11101111111111110011111111101111
00011010100100100110000000000100
00000000110000001001000000000000
11111100101101001111100110011011
11111111110101111010010110001110
11111101110101101110000010000000
11111111111111111110111111111111
11111101110011001110011110101010
00111101100001111100100011000111
11111101110111111111011111111000
01111111111101001111111111100010
00011111100101011111000010000110
01111100010001001010000011001010
11111111101101011110000111000010
00011101000001001101010010011000
11111001110111111000101000000001
11101001110011000111100111001010
11111011111111111111101111101011
11011001110001100001000011010110
11001001100111001010001110010000
11101101010100000011010011010101
11111101111110101110101011010011
11111101111101101010101011111001
11111101111111101110101111110001
01001010110000000001000000101010
00101010010100000110001110010000
11111111111111111111001111101111
11111100110101111111011111110110
11111101111101101011111011111010
10001000000101000011111010100001
11111101101110011011100011011001
00011111011101101101101010101111
10011100100001011010001111000000
11111011011101010111001111000001
10111110111001101111000010000000
11011101110101011000000110000000
11110111111101111011010011011001
11000101100011001110000010000010
11111100110101111111111011110111
11111101110111011010001011000010
11111100110100111010010111000011
11111101111101011111111011000111
11111101101111100111111111101110
11111111111111111011001111110010
11011000000101100000010110011100
11111111110000101111010010010000
10111100100001001110101011100000
01001000110000000000010000101000
11101111111011111011111111111011
00111101110111101111101111100010
11111110010111001101111111111111
00110100001100001101100100101100
10100100100001001000100010100000
11111111111111111111011011110110
11111101110101100011001011000010
11111100110101101110100001111001
11001111000101000010010111000001
01111111110100011111101011010100
11101100100000001011000011100010
11011110001001111010000111011011
11111111111111011111101111111011
11011101111111111011001111000110
11110111110111101110110110110110
11111101100101001000110001011110
00111101110101011100001010100110
10111100110111111110101110001101
11101000110101001000010111001000
01001000010100110100011010110110
11111011110100111101010011000110
11111101111101010010001001100000
00101001010001000010010110101000
11111101110111101110110011000010
10111101110101111110011011101010
11111111110111011111111111111101
11111101101101101100001111100110
11111101111111111111111111110111
10010010100001000000000100010001
11111001011011101111011111010010
11111100010100100010000110001111
11111111111111111111101111010011
11111011110101111110100111011011
10111111110111111110001101100011
11111111111101111111111011100111
10111101100100101111010110110000
11111011011100001010111011111011
11111100110101000111100110100010
11101101000100010000110000100010
01001010110100000000010000100000
01101100100100000010001011000010
10001100000100000010000010000001
10111101111100110111110010000000
11111101111111111111111111111111
11111100100111101010111111000011
01111110000010100101001111101101
11111101010100010110000010000010
00111101100101000111000011110000
11101111100000010001000000000011
11111111111101000001001010001000
01000010100000000001000001000010
11111001010111110110000010000011
00011111111101100110110011000110
01111100110101000110100100100000
10011101100001110011101011101001
01111111100101001011010111011000
01110100010101110111001010101010
10110111111111111111111011110111
00000000000110000000000010000000
11111111111111111101111111110111
11001000111100001111101011001111
00011000000110001000010010100110
01101001110000000000000010000001
11111100101000100111000011100010
11111111110001110101100110001000
10011101101111111110101111110010
01011010100000000000001110000100
11111100101100110111101000110001
11111100100101010011100111001000
10000100110101100111000010100001
11010111110101010110000010010011
11111111111111101111100011111001
11001101000101010001000010010001
01111101111111111110101100010100
11111111111111111111101111111111
01111000111101011110101011011000
01111101101101000111001010010110
01101100000001101110100010001001
01111011001101100110001111100010
11111011111111111111011111010001
01101100001001001000111111100000
11111100111101101110011111110110
01001111110000101010000011000010
11111111010100010101100010010011
01010100110111110010001110100000
11111001110111111111011011011111
00111100010100010111110110100000
00101110111101101111010011010010
10111100001011101110001111100001
01001000001100000001000001010010
01111111110000011010101000000001
01110111110101010111011110101110
10111011110101001111001011001000
11111001111100111101011011100111
10111101111110011011101010000011
01111001110010001011010110000100
11111111111101101101011111110111
11111110111101111111110011111111
11111101111101111111101010100011
11111101111111111011110111111001
10111101111111111110010011010110
11111110010101100110001000001001
01010111110101110110101111000000
11011001000111100011010011001100
11111111111100011111101011010100
11100100101001100110011010011100
11111111111111111010101111111000
11111101100100001100100101110000
01011111100011100011100010101101
11111111111110101011111011101000
00000101101000000110010000000000
10111111010101110011110010100000
01110101110101101001111111111010
11011111101101111011000111110000
11111100101101101011110110110000
11111100101001100110001010000010
00111100010000010010000011101011
00101111111101101111110011110011
11111111111111101111111111111111
11111111111100000111100000000000
10011001010110100010110010001010
01011001000001010000000010100000
10111010000100111100010010110001
11101101111100101110111111111111
01011111111111111111111111011111
11111101111111101111111011011111
10110110110011101111100111100000
01101000110101101000000010000100
00111110001101000001010111011000
11111111101100111111011101110110
01110011100000000110100010010010
11011101110001101111001011101010
11111101111101111111001001111000
11011111110111111011001111101001
11011010101101000110111000011011
11111101111111001011010011001000
10111000010101101111110010010111
01011101000101100001100010001010
11111111111111101110110011001110
11110101111111111111111111111111
01011111111111010111110111100000
11111101111101101111110011110010
01111010110101101010001000010001
01001100001101101000000100000110
11111101111111101111111111011111
11011011111101001111001111101010
11111111111111111111111111111111
10011010000101100011010110101110
01000010010001000010000000001000
11111101111011101011011111001010
11111001110101011110110011011110
11001111001101011111111111111011
11111101110111011110100011110011
11111101111111110111111111111111
01011010000011100010100010010000
00000011000000000010000000010000
11111101010101101011101111000010
01101000101000101010101110010010
11101011101101000111010010000110
11110111101101001010010111100011
11011100010001100011100011000000
11111110111111111111111010011111
11111101100101000101010010010010
11111111111111111111101111011011
10101101100101011011001011110111
11111100101101101011001010101001
11111101111110101110011011110110
11111111111111101100010110010010
00111100010001001100000010100000
01111101111100111011011011110000
11111111111101111111111110111101
11111101011100000100000010010100
11111111111111111111110111111111
11110001100001101110001011001000
01111111100101100110110010111010
01010001100111001111001010001000
00111001001101000100000011001011
11111101100101011111111011110110
11111101110101000101100110011001
00000100101101110000110000100110
10011100010001000001011110101000
01100101110101010000000010000010
01110010011001100110001010000000
11111111111001001110101111100010
11111101110101101111101111001010
01101111111101101110010011100110
01001010110000000011000100000010
00010010100101100010000110010001
01001000000000100100010000000000
01111110101001100101000011001000
01101101111111110011001010100000
11011000100101010011000110000010
11111101111001101110100010010011
11111110111101000111011010000010
11111111111111111111011111010111
11101110111100001111011011100110
11011001111110010010000011000011
10111101010111001110000110110010
01111101110000000101010111010000
11111101011111011110001011000000
00011000101101100110101110101100
11001001110100000110110011100100
00111100011000001100000110100101
01111000000001001010100110001111
11110111111111111111111111111111
01111111111101000110010010000010
11111110111101101111011111101001
11101111111101011111101011010000
11111011111111111111010011101110
11111100000101000001011110011000
11000001011111100010100010000010
11111001110011101010001000100000
10111101111001101011100010010101
11011101010101011111101011100000
01001000110000100000000000100000
11111111111111111111100011111000
00110111111101111111010011111010
10011111110101101111011011111011
00111010101101101010001010100110
11111001111101110110101010101010
10111111110001111011111111101000
00011111111101011011111111001110
11111011111101100110100011010011
11111111000000101000001100101000
11111100100100000110100010001010
11111101111111101111011110110111
01001001111000000000000000001010
11111101011101100011000110100100
11001011111101111111111111011111
11111001100000010011010110100001
11111111110111111111101011010101
11111101110101100000000010111000
11111110101101000111010110010110
11100000010100001000000011000000
10011101011000101010000100001000
11111111111101111111111111111111
11111101111101000111001011101110
01111111111111001011000011100001
01101101101101010011110010010011
01001010000000100100000010000000
01001111100101111010101001110111
01111100101000000110100010011001
11111111100101000101111011010101
01111101100101011000000010101001
10011100010000110010011010000000
11111001110100111110111011011111
11001111001101000111001010111000
11111100100101101110010111101111
11111100111101011111111011110110
11111101000001101101000010110000
01111001000101001110000010000001
01111101111101000010010111000010
00011100000101001111001010101110
11111111111111111011100011100011
10111110101101001111001010000100
00011101010100101101010110010010
11001111111101000110110111101011
11101101110000000100001110110010
11011111110101111001001111100110
11111011100101001111100110010001
01111111000101000000000110100100
11111101111111111111101011100001
00100000010001011010100001001000
01111111101101011011101010001010
01101111001111000110100110000100
01011110110001000010100100010100
11111101110101011111101110110001
01111111100111000011001010000110
01111101110100101110001111100001
01111101101000010011110010010000
01111110001001111110010010100100
01111101001101001111001011010010
11111101111101101001100110100000
11111111111101101111110011101011
00001100100100001110001010000000
01111110001001000001000001010000
01101111010101010010101010000000
11010101110101000011111010010010
11101100110101010010000110001000
10111010010101100101001110100010
11011010111101010011001000110001
10111101010101011111001110010010
00101001110111010001000000010000
01101001010000000001001000100000
11111100101101110001100000100001
10111110101101101111101011110011
11111101111111111111101111111010
01111111111111111111011000111110
11111111110111111111111111111111
11111110100101101111101110100001
01111111110001100111111110101110
01000110001101100000010010000010
11111100110101100010001110101010
11111010011001100010011110000011
10111101110011111011111110100100
10111111111011111111111111000000
11000010000000100101010010000010
01101000001101000000101010100101
11011011111101000110010010000000
01111100110101010000101011000100
01110011000001000010001000000011
11111110110111001111010011011100
11101001110001110010010010010110
11111101111101001001111011100100
11111101111101001011001010000000
11011100111101101101000111100010
01100101011001111011111010001001
00011101101001100011010011101000
11111101101001100010100110100010
10111001000011101000000010011001
11111101110111111111111110011011
11111100110111000011100010100111
11011111111111001111111011110011
11111001101101111110100011110100
11111101100001001100100001001000
11111001001100110011000110001000
11111101110111101111000111111001
11011101110111101111111111000011
10111101110100100011000010011000
11011111111111111110010010010101
11111011110101000111101011000010
10111110001101100010100110000000
11111101110001100010000011000000
10110101000100011110110011011111
11111101111111001111011111101000
11011111010001101001000010000100
10111101111111111111111111110111
01101100100100000010001000010000
01010011001101000011101110000011
01111100110001000000001011110000
00001001000000000110001010001000
00001111000001010100001010011000
11011111111110111011011011001010
11111101110101100000101011010100
11111111111011111111000001000111
10111001101101100110000011000001
11111101111101111111000010010000
11111101110010011001111011100001
00111110111011011111010011101000
01010000010001001011100010000100
11111011000101001100010010101011
01100101100101100010101010000000
01111111111101101110100001101110
00111111011111011011111011111111
11111001110101001110110010101001
11101111111111111111011011110111
11111000100101111111111111100011
11101000010111000000000110000010
10110101110011011111111111100101
11111101110101100110000011110010
00001011001000000000010010001010
00101101010001101110000111110000
11111101011101101111100011101010
10101100010111000110011010100100
11111111110011011010001110110100
11111110100111111111011011001110
11011111111111101110011111010000
01011101011101000010100010000000
00010101000101001000010110100100
11111101110111001010001011000010
11110101010001101101001111100000
01111001100100000010001010000110
11000000111001000111010100100001
11011101110111010011111111100010
01001011101000000001000010000000
11101101010101011000100011000001
01110101100100010110000110100000
11111011111101111111101111001011
11011101110111001111011110110101
01111001000101100001000010010100
11111101110111111111001110111000
10001000010001100000100110100000
11110111110101000111110110011001
11001110110101000100000000000100
11111111111101011100001111100101
01111100010100011000000000000000
10011101100000001110100111000110
00000000000101001101000010000001
01101100110100000010100010011010
10111101111101101111111011110011
10101100011101000100010000000011
11110000010101011000000000101010
01101010000101100101010010000000
00001101001101000010001000100110
11111101111101100010011111100110
01111111111001101111000111100011
11111100000101000101000110101001
10111100000001001111010010101010
10111101100000110000101010000000
10111101110111101100100110011000
00000000000001000101000010000010
01001100010000000100001010001010
10011101001001111111001101001001
11100001110111100010000100110101
10111111011101111111111011100000
00100000100100000111010010111100
01110001010100000001000010001000
10011111111111111110110111010101
11111101111111111111001110110010
10110111100101011111110010000111
00101110110100100100111010001100
11100100100100101000101000110001
00011111101000000010000111100000
11111011111111001111111111100011
00101110010101110010000001100001
11110101010001010110000111000000
00011000010001000000000010000010
10011111000001011110111011011000
11101101000001010000000001010000
11110111100101111001001011000001
11111111111111111111111111111111
01101010000000000011100010011010
11110111111111111110011111011111
11111100011101111111001110001010
00011100000101001000000010100010
11101001110001001001000110100001
10111111111111111111011111111111
00101000110101100011011110101010
11111101110101000011100010000010
11001111111101111111111011011100
00111001110001101111000111100100
01100101000100010000100010100001
11101100110001100010010010011110
11011011111101101010100111110011
01111110111111101111110010000101
11011001010101011111000010110010
11010101110101111101011111110010
11111111111111111111010011111110
11111111100101001111100101101001
01011100110001101001101011101010
01110111101111101011010110000100
01011111010000101100111010000100
11111111010100101010000011101011
00111110010101011010011111100000
10111101110101101011001010010110
11101110111101111111011110111101
01001111101101100001000010000011
10111000000010101110101010010000
11111100111100111111101111111000
11111111110111100111101111000000
10101100110001110110101000100010
11100001110101001100001110000000
10101100100100000010000010000010
00011100010101011100000000011000
00011100000100100001000110100000
01101100000000010011000110001000
00111100100001011111000110100000
10111011111101101000100101000110
11001101010001001101000111000110
00000101001000000001100110000001
10100001000000000000101010011010
10110111010100101110000000100000
11011011000100101011010000010010
10011100111000111010011010001001
01110000101111010001000100000001
01001010110000000001010010000010
10111111111101001011011011000111
00001000000000000100100000000110
00111101000000011110011101100010
00010010110100111000111010101010
00000000011101000000000000010001
00111100000000000100101100000001
01111111110101011111011011000100
11111111111111111111010111111011
11111001111101111111010111111010
11111111110101001101010000000000
01000000001000000000000000000010
11101111111001011111000011100110
00101101000001000010000010000010
11110100000100000110100010000001
00110001111111101111100111111111
11111000011111111111010100101011
11001101100111101011010111010110
01000100101101101100110110000000
11111101110101001001011110011101
11010101111101101111110011011010
11011111110101111111011011010011
11111111101010001001000010001110
11101101110100100101001011000000
11111101110111100110000010110010
01111101110001111101110111110000
11101010011101100110110111011111
00101000000001011100100000101010
01111101111101100111111011111010
01001010100100100000010000000000
11011111110100001111101001100001
11111101111101011011111111110010
11111101111101100111111010111111
00100000000100101010000000011001
10101100011101100011011101110101
01111110110001000000011110001000
00101100100100101000100000001000
11111101111111101011100011101000
11111101000001100110001110010011
00110111000101110111101011010100
11101001100011011010101111000011
00101000000100000000100010010100
01111101101000000000010010000011
00000011001000001000000010000000
11111101000100101111000010110110
10011111111101101110111111001010
01101011101101100110000010100010
01011001001011101100100010100101
01111101111101101000101111100011
10111100010000000011111011100101
01001111000000001010111010010000
00011101110101000011101011010001
01111101111101111111100010111010
11101100110100000100110010010111
11010111101111110001000011010111
01000001000111000001000010110010
11111111111001000111001000100000
10111010011001100111010111010110
11111101111011111111011010000111
11100100000111100110101010110110
10101100000100000001000010000000
11111101111101001011000011001110
10111101110011100011110011000001
00111010010101000010001010000000
00111001010100001001100010110000
11111101100101010111000010100010
01111111011111001110111010111010
11101100100110111011000011101010
01111011111101001011000011010011
00100100000001000010000010000000
11111111110001111101011011111001
00101110001000100110000000000000
11111100110100001011111111100011
10011000110101101000000111000000
01110101101111101011010111101001
01001100010100001011101000100000
10111100111101000101011110100111
11111101101101000110010011000010
01001100000001000000000011000001
10100111011101001011000110000010
01001111010000000010101010011000
01101101110100011110011111001010
11111101110101111111111111110010
11111101111101011111110111101011
01001011000001000100011000001000
11111101111111100110110011110111
11111111010101101110101001011111
00101000010000000010000010001011
11111101111101111011011010011000
11111111111111111111111111111111
00101001001111000010100011111010
10111101111111101111101011111001
11111100011110001100100000010000
01111110110111101111111100111101
11111110110010100001100010100010
11001100100000000011000100100000
11011100100111011001000110000010
01110110001100000000000000111010
11011011110101110110101010101011
11111111110101111111011111111111
11111101111111100111010011000001
01111100101001101011010010001000
11011001010101101001010011011010
00111110111101100110011110100011
01111010110000000010000010110001
11111101111101000110110110100110
11011011111111011111011111101111
01111010111101010111001111111110
01111111111111101111010110011010
10001001110111000101110011101001
11001000100101100100010011010000
01111100110101101110000011110100
01101000000000000101010100001000
11010101100101000011101010000000
01111111000101000100001011000011
11101001000001001101100000000001
00110101101001000110000010011000
11111101011101001001111110111010
10111111101111101011011111111011
00111001101000101001110111111010
11111110110101100010111110011011
01011100100001100101000100011001
00100100000001000010000010000000
11111111111100000000100011100100
01111000101101101101110101000110
11111101111111111111011110100111
01111011001000000100000000000100
11100010000001000000110010001100
01101011010000000000100100000010
00111100101100111111101011110101
11111101111011011111001111011000
11111001111101101110000111110100
01101000000111101110000100010100
10101111111101010010001110000010
11101001010101100000011010000001
10111111111111111111111011110011
11111011101001111010110011001011
11111111111100111111011111111011
11111111111111111111010011110011
11011101111111101111011011100011
11101001100101010011001110110010
11100000010101010011100011010100
10000101110110000000000001001001
11110111111100111110100011100111
11111101110111101111110011010000
01111101110001101010100110101010
01111010101101101011100010100000
10001100000000001010110110101001
11010000110001111111001110010000
01101010100111001010000011101111
01111101000101110000100010010011
01111101101101100110010110100000
10111111101001001110010010000110
11011101100001000011100000000000
10110010010101101101011011000000
11010101110101000011011100000010
10111111111111111111101011111011
11111011111101011111101000100111
01000001100000001101000000000000
11010111111001100010100010110010
01011100000100001001001010010000
01111101010101011101101010100000
01110001101001110010000110111000
01001010110100100001010000101010
00111100111001011000010011100101
00111001111111101111011111010111
11010100110101000111001101000001
11111110111111101101010010100010
11111111110111111111111111110111
11010111001011000001011110000110
11100111001001001010100111010000
00111100101101011110101011000010
00111001100011100110100010000001
00111111101100001110000111101100
01110100011100110000101011000101
11101101001101111110001111001010
11111101100100001000110111100000
10110101010010101010001001000001
11111111111101111111111110111110
01001010110000110000000000000010
11111100111100101010100011000000
00001000000001000011100010110110
00110001101101001110001111001000
11111111111111111111111111100111
10111101110111101111001111010010
11111101111111011111011111110100
10111111001101000010010011001011
00001000000000000001001100000000
01101000001101000100000110010001
11011111111111111111111011101010
01011001100101000001011110000010
01011111110101001101101010110001
11100011100101000001101010110010
10011101110111111111011111111111
11111101111101101111101011111000
11111101101100111110010111111110
11011001110111101000100010001001
00101000000001110010100010010001
01000010000000000010100000110000
01111101000101111111000101110000
11111001110101001111100011110010
11111101111101000110111111000110
01111100100101000111010010100010
11101101101000001110000010000001
11011101111101011101001010000000
00110000001101000100010010101110
01111100110101000111100010100001
11101000010100100000000110010000
11111111111111111111111010110101
00100110110000000000000110110100
00110000000101011010110111001110
11111101100101001011001110101010
01111100111101001111001110010110
01011101110101101110101101101011
01001000100101001010000110000000
11111111110101001100000010011110
10101100100101110000101010010010
01011110011001100100000010001000
11111101111101111100010011011110
01011111111101001010101010100000
11111000110011101011001110110011
11011111000101010011001110101000
11111001110101011010010111111010
10011001110111101110001101110010
11001100010101000101001000000001
01111010010101000100000000110100
01111110000001001010000011010110
00011001001000110011001010100000
01111000011111100110001001000010
11111101111101011111101111011011
00101111010100100000101010000000
11110101111111100101011111100110
11110101010101010111000110111000
00100000100100100000000010100000
11110101100011101011001110000100
00101111000100111000000110101000
00001010100000101000000000000001
01111101101101101001001110101100
00000010011101101000010110010001
01000010111101000010000000000000
01111110010101001110010010011000
11111100111101000011101111111000
01000010110000000000010000100110
00101110001111000010001010100000
11111111110001011011100010101010
10111001111101011010000010110111
11110110001001110111001110011000
01110101010101010010110000011010
00000001000111010000100100001000
01111000000001100011000010100100
01111101100000101110000111000010
00101101010101001100101110001000
01111001110011000001000100001001
11111101000101100011011100000110
01010011000000001010000000000000
01110111111100101011000001000000
10011111110101101111101110110110
01111110011101101011000110100000
11011101010100000011010011000010
00010011000010110001110111010000
00111101000101011000001110011011
01101100100001000000000010111000
01000000010100000000000000000000
00111000010000100000000110001101
01000010100000000000000000000000
01111001110111001011010110110000
00000010010100000000100000000001
10111101111111111111101111101111
11111110101111000111110010001010
11111111111101001110111011111010
00100001100100100100000000101011
01101000100001101010000000000110
01011110110101000010100110010000
10010100110100101000000110100100
11011101111111111111111011110110
01011111111111001111111111110111
11011101111101100111101111100010
11111111011111111011100011000010
00011111000110100001001110000000
11011111101000001100000011100001
11111100100101010110101110000000
11011001111111110111011011111010
11111111111101001111111111111110
11111101110101000111011011100001
11110111110101001011000001010100
01110100100001010100100111000000
11111101100001001010000000101000
01001101100101000010100110001000
11011001111101111111001110100010
10111101110100001110000011001000
11111100101101011111001111100010
10111100111101110111111011111101
01011001100001000110100010000000
01000010101001100101001010000110
01110100101101000001000000000100
11011000111101111000011011101111
10011100110101100010010010001000
11111110110101110111001010000111
00011101001111100000000110100001
00101001110111101101111011111011
00000001000000000000000100101000
11111111110111111111110011100111
01010101111101000000110010010000
11111111111111101010000010110100
11111111110101101111010010010000
00011100000101100000000000101110
11111101110100101110001011100011
01100001111101010000000101001010
01110100111101100011101110001011
01011110101100000010000010000000
11111101111111111111011111111011
11101100111001000010110000000000
00111010010101000110011111000010
10011110111001111110110111111110
01011010110101010100101111111010
11011101110101101111010111100001
01111111111101101111010110111110
11110101110111010001001110110101
11111111010011001100010010100000
11011000101101011110000010001000
00111111000100100000001010001001
01011010111100100110000000110010
01111100010000100110001110110101
01011100000100100000111010100000
00111001110000000000000010000001
11111111111111011101010011010000
11111111111101111111101011101011
11011100000100000100000000000100
10001100100111111000101110110100
01111100001100000000000000000000
01110011000111101100010011011111
11010100100101100100000010000000
11110101101011100010100110000001
11110111110111010011000011000000
10011100000101000010100010011000
01000000010000000010010010101000
01111111000000001101101000100000
00011101100001100000100010001000
01111111111011111111110111101010
01111111101101001101000111001000
01011111111101000110001011010010
01101100000001000000100110000000
11111101001101100110000000110100
01101101000001011110110111100000
11111100111101111011000011101010
11110100000101101101100011100010
11110100000101001010010000000000
00001100110101001010001101100000
01001010010100000001110000100010
11101101010011001111001000010111
10111100000101100110000010000110
11111101111011000110110010101100
01111110110111100111000010110101
11011101111101000001000100000000
10101000011100100000101000000000
00101001100000001010010011110010
01101100000101100010000000100011
10001101110100000101100010100110
11011000001101101100000011000000
11011100001101000000000110000110
11101101111101011111010111111010
11111100110100110111111010000101
11111101111111111111101011010111
10010100110101010010100010000110
11111100110101111000001111100110
00111110110101001010011110100110
11101100100101100001010010001010
00101101100101111100001110101000
00111101100101011010001010111010
01111111000111101000000111110000
11111111111101101111100111010001
11111111110111000010000010110110
11111111110101101110110010010101
11110111110101101111110011001010
00000000100000000001100000000100
00101101111100001010101011111000
01111111110011001010010010101000
11001100010011001010100001100000
01111110111101001001110010100010
11111111111110111111011111011111
00001001000100000101010011000100
00111100000001000010110010000001
00101000010000001000000010001000
00011100010101000010000010100000
01111101111001001111110111010000
11110110001101100010111110000000
11001110001101001000101111000011
11111111111111111111111111111110
00001000000100101100000010100010
01111101110101101111010111010100
11111111111111111111111111111111
11110000010101010000101010000000
11101101111111111011100111101001
00111101010101111110011111110111
11011101101101111111111111110010
11011111110111000001101011101000
11101111110001100000000110011001
11001101110111100010110111000110
01111111110001101110100010010111
01111101100101000111101110000000
11111101111111111111101111111100
11101100001000000000000010000000
10111100100000011010011111010010
01011111000001100001001011100101
11101111111101000110100110001000
00111011101101001110101000000010
11111111111100011111110011011011
01111111100111000111001101001010
01111101101100000010011010001011
11111001110101101110001011010011
11011010110111111110101111111001
11111011111111001111111010010010
11111010100011101011000011111101
11010000001100010110000010100000
11110110000001010010000011000000
11110111011101000011011100000000
01011110011110011011100000000010
10111111100110101110011010011100
01001010110000000001010000101010
00001010000000000000000010000010
11011100111101111011101110101010
00011011100100000000011011111101
11111111011000110111000010000010
11111100111101100011000011111000
11110101000001111000000010000000
11111101011100001010010100001110
11111001110111111111010111011100
01101100110101011001000110101010
00101101000001000110000110111000
01111001010111000000000010000110
01010001111111000110000010000000
11111111101101001111001111110000
00111101101000000000000010010000
11011101011101101011001011101110
11011111111111110110101011111111
11111100000011111001000011100000
10001100010101000010110000011000
11111111111111110110111111010111
10111101000101000011000010001001
10111100110101110110101011101110
11111111011100011001100010001001
00001000100000000000110000101010
01111111111111111111010011111110
11111101011101111110001011100010
01111010100101000011000000101011
11111101111101110110010011011100
11111011111101000010010010110000
10101010111001011110000110000010
01001000010101001000100010000000
01011100011001010111011010010101
11111011111100110010010010001110
11111101111101111011101011101001
11001010101000000000010011000100
11101001100111101000101100101000
11111001110101011100100111010110
11110101101100101011111111001111
10111110111101101111100111110011
01111000111001000010101111101110
11111110111111110111000010010000
01101000000100111000010001000000
11111111100101101111000000111010
11111111111111111111010111111110
00000110000101111010001010100000
11111110110101111110011001010010
11111101111101111111111011111100
01111000100001100000110110110101
00001000010001100100011110100000
01111100110101100001100110100011
01000000000001000000100000100000
01100000100100010000010010001001
00001010000101000000110010000001
11111101110111111111111111011111
11111101111101001001101010110011
10011100010101000010110100000000
01110001000110001101001010000100
11000101010100010000001110001000
00110100100101011010101111110000
11111101110001111110001111010000
11111100110110000010011001110011
11010000010001001000010111000000
11101101100101000110010010100010
10111111111111100111101111100101
01111101100011011000100010000101
01001000110001000001010000100000
11001110010011100011000100110000
00000001000100000111000010000100
01000111100100000011001000010110
00011101001001000000100010100001
10011100000101100010100010000010
11001001000101011110111001010111
11011100100101000000000001000011
01101001111101110101001110100000
00110101101101010111000010110001
11010101100101101111111011000110
01011101100000000010100011000000
01111101110111000110010111110010
01111101001101001010010011010011
11011111011011101111001111101011
11011111111111111111111011011111
11111111111100111111111110010110
01111110100101000010010010000010
11111111111111111111111011110111
00000000000000000000000000000000
00111110101111100100111010000010
01011101001100000010110011010100
11111101101101000111101110101010
11111001110111101001000011000000
01001010110000100001010000000000
00111100010000011000001111110000
01011100101101000000001110100110
01100010100000100000000010000001
11011101111101011010000011001011
00111100101101000100001010000000
01010100100101100100101010100000
11111111111111111111000111110011
01001111111101011011000111101001
00011101000100000001000010000001
11110000010111001100101110011100
10111100100000100000001010111000
00000010100101000100100010101000
00100100000101100010010010100101
01101110110101110000110011010010
11110011101111001111000111000011
00001011000100100000100100000010
11111110011101100111100111100000
11011101111111111111110010010101
01110101110111000101001110010001
01111110111001011111010111110110
10011100110001111010111111101100
10001100011011100110000110100000
00001000000000100111000000010100
01111101100101101010100010000100
11000100100001111110010100010010
01111101110101011011110011110010
01111110100001010001000110011110
01011110111111011010111001111011
01001010010000100100110001010100
01101010010100010000000000000000
01111001000001001100011011001001
11111111111111111111111111111110
00011000110100100101010000000100
11111101101111101100011011100001
00010010001100000001000000001001
10101100010101011111100010000001
11111100110011010010001110101010
11011100110001000011110110101101
01111101010101001000000010100000
10111100100000101010101010000011
11111100011101000010010001000001
10111101111101101111110011111010
11100010011100100111011010111100
11011100110101001110100011100000
01001100111100101100101100000000
11111101111110111111111011111111
01001000110101010010010011100001
01111100100001011111110011001001
11011101011001101101100101010110
11111111101101000010100110000110
01110000111101010011000000010100
11111100111111110111111111110110
11110111111111111111111110110110
01111000101001100011100010000001
01000000010100101000010001110001
10011101110110011001000011100001
01111001111001001010000001111010
11111111111101111111011011101011
11101101011101101011011011000111
10011101001001001001010011010001
11111110111101111111011111101111
11111100110101111110111110011111
11111100110000110101111011001110
11111101110111110110011111101010
00011001100100100000101000000001
11011100000001001100001100000010
11110111111111011110011111101111
11010100110101001111001110110001
11001101110101000110110010100001
01111000110101000001001010000000
00111001100101000001010010001000
01111101111101101111111111111110
11111011111101111111111111011111
11011111110111111010101111100111
10011010110101101011010011001111
11111010111100000100001010000010
11111101111110111111001111101010
11111101101110100111011110101000
11111100000101111010101111000000
01101001100100001000100010000101
11001101111101000111000110100011
11100101000001000010000010000010
01011101110101100110111011011010
11011111111101001110011111100111
11111111011101110111111011111111
11111101100000101011101011010010
11011111111101101111111111010110
11111111011111001011100010010110
11111110110101010101000110101010
00011100010000010001110000000100
01001010001000000000000110101000
11111011110111001110111011010111
11111101010101110001011000000000
11101111110101010100000111100000
01111111111011111111110101101010
11111111111111111110111011110011
11111101110010011011101011001000
10111111111101101001111111010110
00001100110101001111111011100101
11101111101101110010110110111000
10011111110111111111111111111111
11111101111011010111001110111010
00000000000100000100010000011000
01011110111101011111110011100101
11110100100100000010111010000001
11111011111101101111110111100010
11111111111011101111111011111010
00101111110111011111111011010110
11111011110101010010110010100110
01110001000001000111000110110010
10011100100101101100001011010011
11100001011100110010100100000010
10110101101001000110100011010000
11111011110100010110101111000010
11111011110101101000011010010101
01111111111100111111111110011111
00000100001001000000010000001000
00110001101101001011000011000111
11111011010001111000100000100010
01011111111111101011100111111001
11011111111011111111100011100001
11001001010101101101010011010100
01001101000001101110010010100010
11101100100100100000000010001000
01111111111111011111001010110010
11111000010101100101010101100110
01001110110000000000000000000000
00011100111101110011101010100001
01101001110101011011000010100100
11111111111101001111111011001111
00111111011110111111111011110101
11111111111101111111011111101111
11111111111101101110011111100110
11011111111111111111000011010111
10111101111111111011111111100110
11110111111101101101000011010000
10111101010101001000100011010001
11111101011101100110100111110111
11111100110001101010001010111100
11111101111111001111011111000110
11111101110001111110011011010111
01000010110000100000000010000000
00001010000000000001000010001110
11001010000000000001000010000000
11111110101110001111001111100000
01000001100000000000110011000010
01001101010000000000111000011000
00101000000101000010010010110110
10011100001100001111101000000100
00111101010001010111111111101010
11111100101101100110011010101001
11111100100101001110101111110010
01111101010101011111100001000000
11111101111101000101010110010000
10110100100101111010100011000101
11111101111101010110111110110011
00111110100100000100000110110001
01111111111111111111011111111010
11111101110101011111001010111010
11111111111101111110011011100110
11110111111111011111011011100111
11111101111111101111111111111110
11101101010100000010100010010010
11111001111101101110101111100011
01011111111111111110111111011111
11111100111111110110100111110011
01011101100100000110100010100001
11111111111111101111111010010011
00000110000101101100000000000001
11111101111101111111101111111011
11111111111111111111111111111111
11011110100100100011001001001001
01111001101100111111100011000001
10110001101101011001000111011101
11001011010011011111111011100011
00101010000010000010001000000000
11111101111111111011101111000011
00100001000000000001001010001000
11111101110011101010010011001010
11011101110001101001011111010000
00101100000110000000100010000010
01111111111101101011000011011110
01001111001101001011010001000010
11110101010101111110001110000000
10011001110011100111010100001110
11111111010101111111011011111111
01011101000000000001100011000001
11111111111111101111110111111111
11101100000101000000110110011110
10110100111000000010000110100001
00001101010101111010110000011100
11010100111111101111001111001000
11111011111111101111110111110100
01111101010100011110010111000010
11111101110100001000000001000000
10111111110100010001000110000101
11111111111111100111101110110011
01001110110000001110010010100000
11111100111101011011101011001000
11011001100101000100101000010000
00011100011100111111011001010110
11111011111100111111111111110011
10101100111101101000111010001100
10111100011001101010010011000011
11011100000101100010000010111001
11111100110101110011001010011100
01011101100101011000011100101110
00110011111011100110000110000010
01101001100110100000000010000001
00111010111101111110000000110110
00000000000010001000000010000000
11111000011100101111000011010010
01000100100101000011000010000010
11111111011100010100001010100010
10011000010100101010001001000100
11111111111111111111111011010111
11110110111011101110001000101010
00101110000101111010110010000110
01101100110111111111011010111111
01001101000111010110111001000011
00101101111101111111100011001010
11111101011101000011000000100000
00001001000100010010000010011001
11011010111111001100111011001010
11011101110111010111001111111000
11111101010101101111001111111000
00010101000000000010010010110000
01111100110101001000000110100010
11111101100101100100100011000001
11111111111101101111011010111100
11011101001100100010001110000100
11011001100101001000110010110110
11100101111111101110000010011000
11111100011111001010101101110001
00001100000101000000100110000011
01111000010101010010101010001000
01011001101100001011110110010001
01111101110001101100001010000000
01010110100110101010001010001000
10001111000000000110000010000000
01111000010111101111011010011110
00000010000100000010011010000001
01000110001101100110100110100000
11111111100111000000001110110010
10011111110101100110111010010000
11111100010111000011101110101100
11111101111101011000000011001010
11111111011111111111111011110101
10111101001100011010100010001000
11111001101111000111001111111000
11010101111101011110100011000110
11111111111111101111101011111001
01111101100100101010011010100111
01111001010100001110100111011011
00001111110100101111100111111010
11110111100101101000101111111001
00001111000000000001010110000000
00101111100101101010011011000010
00101100000101011010100010011000
00011110011100110111010011100000
01010100001101101100010010110100
01011001010101001111011011010010
01111011111101000011111011010100
11010101011100111011111010001000
00101000000000000000000000000100
01101010100000100000110000000010
11111111010100100111011010011101
11111111011101101111000000100011
01111101000101000011100010000000
11110000110101000010110011100000
01111101101101011111011111100011
11111101111101101101111011110101
11111111111001111111001111001010
11111110111101001111100111000011
11011001101111000111000010000000
11110110111101101000000000010000
11111111101101001000011011000110
11111110111101100110101111010000
11001000110000100000000000101110
10010111011100100010010010010001
10001100000100101010000110011100
01001000010000100001000000101000
11111111111111111010100111110110
11101111010101100111010110000000
10111101010100001000101111000000
01111010111100111111001011110000
11111101101101011110110110100011
11111101100111101111011110101101
01111110101101101110010001010011
11101101000101110000101010000000
11110111111111111011111111011111
11111100111111101110011111111110
11111111111101111011100011011010
01101110000000011111000110100001
00001110110101101110100010000000
10111111011111111111111011110011
11111111111101111111101011101110
11111101110101010111011010110110
01111101111000010011110110000011
01100110010011101010000010000000
11111110111111100010000010010111
10011101111111101111111011100000
00101001111111001110010111000010
11111111111111111101111111110111
00111110111101110111111010111110
10101101111100001100101111000010
11101101111011011111111011000110
11001000100101001000101011101000
11011101100111010111101110001001
11101101100101000010011111010011
01000010000000000000001100000000
10111111111111111101101111011010
11111010000100010110010010001010
01001010111000000000000000000000
11001010110111000001001110001101
01011110110101011101101011010001
00011000110101100111100011101001
11111111111111101111011111010001
11101100100101000010000010011000
11011101011101111000000111101000
11111111111111111111111111111111
10000001110101101011001111001000
01000100001101110101101010001010
11101100100100100111011010010011
01111011010100000011100010110000
11111101111101101010000111100010
11001101110101001000100101100111
11111011111111101100010111110111
01111110111111011111001111001000
11111111111101111111111011010111
01111111111101111111110011110010
01111111111111011111001111001111
10111000110111111001001011100101
10011100100000000000101010110010
01111000001100010011100010001011
11111101110101000110111010101010
01001000100000100000010000010000
11011110000101010010000001100010
00110101010101000010000011101010
10000100011000010000000010000001
00111101111101110010010110100011
11111101110101111111011110001010
11111000100101101111010111010100
01010110101101111111100010000010
01011110000100100111101010000010
11011111110111011110101111001100
01001010100000100001010000000010
11111001111111111111111001100010
11011111100101111111001011010100
11111110110101101000001001110101
11111111111111111111111111111111
10101100101011111011110011000011
11101111111101010101001110101001
01001001000000100001010010011100
11101111111110011010100111001011
01011101111101011010000111011000
11101100000000000101010100000000
10110000100101101010001011110010
11111001010100111110101011010010
01110101010101010111101011100011
11111111011101011011011010000000
01111111011001011000000000100000
11111101111001110100100111110011
11111111111101101100100111010010
00110000011001001000100011110011
11111001111001011111000111011011
11111101111111111111111111111011
11111101111101110111001110011111
11001010111101111111101111111011
11111011111101101111111111101111
00001110001001000001000100010000
01111001100101101111010011110010
11111101010011011010000001100000
01111101110101000110100110000000
10010111111101101111011001001110
00101000100100100110000111000010
11111111111111100001101011011110
11001001110111001000000010100000
10111101101101011111000110000000
11111111111101111101011111011000
11111100111100001000011110101000
01011101101101010111000011001001
11001000000001000100100010100000
11111101110101001011110111000010
01011111111111101111110111100110
11111101111101011111111111010110
01011000101101101110011011000100
01101000100001100000000110100000
00001010011100000001000110100001
11111100001100001010010011010000
11011101001111001110110110001000
11011101000011101111000100100010
00001100010101100010000000011010
10011101101101001101110110110100
11111100110101011111001010010111
11011111111100011111101011000100
01111101110101011110011011100000
00101111000101000011010110110110
11100001111101111111110111000001
11111011101100101100011111010000
00101101010101101000001110011011
11111101110100111111111011011011
01100001010001001010100011101010
10111100101011101010000111111010
10111101110101100111011111100010
11111100111101011011111011010010
10101101111111111111011111111111
11111100100101100111011011101000
00111100000001101011001011101000
10011100100111001001111110000111
00011101110101001110111010100001
