County	Region	Births	Death 	InfMort	Minority	Over65	PopChng	PopDens	Urban	Income	ConsInc	FarmInc	ManIncom	RetInc	FdStmps	MoblHms	NoCar	PlumProb	PoorChild	Unemp	Coll4	Crime	HSGrad	JuvDel	MVDeath	SchlSpnd
Abbeville	Upstate	12.5	10.3	15.1	31.7	14.7	9.7	51.5	23.4	32635.0	110.0	298.7	3729.5	241.2	18.0	27.4	8.4	1.0	17.1	5.1	12.7	368.0	70.1	40.0	37.9	7158.0
Aiken	Midlands	12.1	9.8	9.6	28.6	12.8	17.8	132.8	60.9	37889.0	517.1	343.3	7553.2	738.6	18.1	24.2	7.3	0.4	18.0	5.9	19.9	364.8	77.7	66.0	19.8	6651.0
Allendale	LowCountry	14.8	12.1	18.5	72.6	12.7	-4.4	27.5	59.0	20898.0	148.1	845.5	2798.5	300.7	70.3	25.7	21.8	1.9	48.6	10.2	9.3	325.0	60.0	111.0	36.6	11499.0
Anderson	Upstate	13.0	10.7	10.3	18.4	13.7	14.2	230.8	58.3	36807.0	447.2	168.9	3674.6	960.6	10.6	20.3	7.7	0.4	14.9	4.3	15.9	549.8	73.3	50.0	19.8	6919.0
Bamberg	Midlands	11.5	9.9	21.7	63.5	13.9	-1.4	42.4	45.7	24007.0	85.2	711.9	1892.4	489.4	42.6	31.4	15.2	0.8	37.7	11.7	15.4	373.5	64.7	56.0	12.5	8920.0
Barnwell	Midlands	14.0	10.9	21.4	44.8	12.6	15.7	42.8	14.9	28591.0	110.5	372.9	3712.2	592.6	35.9	36.1	20.4	1.4	27.0	7.7	11.6	408.9	67.5	45.0	17.1	7619.0
Beaufort	LowCountry	15.8	7.8	9.0	29.3	15.5	39.9	206.0	71.4	46992.0	1400.5	107.0	204.1	1521.6	13.1	14.9	6.5	0.3	15.5	4.3	33.2	541.8	87.8	65.0	15.8	8417.0
Berkeley	LowCountry	14.4	6.6	8.1	32.0	7.9	10.9	129.7	66.0	39908.0	556.8	158.1	2176.2	580.1	19.4	24.8	6.7	0.4	14.9	5.0	14.4	334.1	80.2	85.0	24.6	6990.0
Calhoun	Midlands	11.5	11.1	17.0	50.0	13.8	19.1	39.9	0.0	32736.0	339.0	630.0	1635.6	203.5	24.8	37.3	8.9	1.4	21.4	5.9	14.2	316.1	72.8	34.0	26.0	9417.0
Charleston	LowCountry	14.5	8.5	7.9	38.1	11.9	5.0	337.9	86.3	37810.0	1079.0	225.8	1211.5	1623.5	18.1	8.8	11.9	0.5	21.3	5.9	30.7	659.3	81.5	88.0	10.0	7875.0
Cherokee	Upstate	13.3	11.1	11.3	23.1	12.4	18.0	133.8	38.7	33787.0	996.8	162.9	4189.6	835.4	18.9	28.7	10.2	0.6	17.2	6.2	11.8	544.6	66.7	83.0	18.7	7387.0
Chester	Upstate	12.3	10.4	9.6	40.1	12.7	5.9	58.7	32.7	32425.0	461.1	424.9	4197.5	449.1	24.0	26.7	10.8	0.7	20.1	6.8	9.6	544.7	67.1	52.0	38.3	7305.0
Chesterfield	Peedee	12.1	9.7	11.5	35.7	12.0	10.9	53.5	27.4	29483.0	218.9	1035.4	4717.3	532.1	31.8	33.1	11.2	1.4	24.9	8.9	9.6	375.2	65.2	39.0	48.6	7158.0
Clarendon	Midlands	12.3	10.4	9.9	55.1	14.0	14.2	53.5	14.7	27131.0	156.9	1595.9	1147.2	554.7	50.4	39.1	13.3	1.4	29.8	6.7	11.4	253.9	65.3	53.0	42.6	6835.0
Colleton	LowCountry	13.0	10.6	15.7	44.5	12.9	11.3	36.2	26.2	29733.0	324.0	289.3	1021.7	694.0	33.9	36.1	12.5	1.4	28.8	6.4	11.5	508.4	69.6	73.0	56.2	7375.0
Darlington	Peedee	12.4	11.0	16.6	43.0	12.1	9.0	119.9	45.4	31087.0	361.7	644.5	2914.2	612.1	40.4	31.7	11.7	0.8	27.2	8.0	13.5	697.1	69.3	87.0	39.7	7433.0
Dillon	Peedee	15.6	11.5	6.2	49.6	11.5	5.5	75.9	34.3	26630.0	0.0	2032.0	1822.1	707.9	52.4	33.1	15.0	1.9	31.9	8.7	9.1	642.8	60.7	75.0	35.5	6716.0
Dorchester	LowCountry	12.9	7.6	6.0	28.9	9.1	16.1	167.7	73.0	43316.0	502.4	225.9	1232.8	579.2	16.7	18.9	6.5	0.7	10.6	4.8	21.4	332.8	82.1	73.0	27.8	6745.0
Edgefield	Midlands	10.3	8.2	3.9	43.2	10.9	34.0	49.0	21.2	35146.0	157.6	863.1	1976.2	328.2	27.1	28.2	8.8	0.8	19.5	6.4	12.5	250.6	71.4	33.0	20.2	7814.0
Fairfield	Midlands	12.8	12.4	13.2	60.4	13.2	5.2	34.2	25.4	30376.0	106.0	489.6	3278.6	397.6	27.8	29.3	13.2	1.7	27.4	6.9	11.7	624.6	67.0	17.0	50.3	10209.0
Florence	Peedee	15.3	9.9	7.6	41.3	11.8	10.0	157.4	58.0	35144.0	472.9	402.6	3074.1	1270.3	32.3	22.8	10.4	0.6	21.3	7.9	18.7	736.4	73.1	96.0	28.8	7101.0
Georgetown	LowCountry	12.7	9.1	9.4	40.3	15.0	20.5	68.5	54.7	35312.0	569.6	218.9	1954.7	1055.3	27.5	24.3	10.0	0.8	25.1	6.2	20.0	479.1	75.2	89.0	23.8	8833.0
Greenville	Upstate	14.0	8.4	5.1	22.5	11.7	18.6	479.3	83.0	41149.0	2144.7	84.4	3825.5	1278.1	11.2	11.1	7.6	0.4	12.9	4.6	26.2	479.8	79.5	58.0	11.4	6630.0
Greenwood	Upstate	12.6	10.2	11.8	34.4	13.7	11.3	145.5	56.8	34702.0	534.9	166.6	5207.3	1007.3	15.7	14.2	10.6	0.5	16.1	6.3	18.9	571.0	73.1	90.0	14.8	6995.0
Hampton	LowCountry	13.9	10.1	16.8	57.1	12.1	17.6	38.2	35.8	28771.0	184.2	448.0	1632.7	599.0	34.1	34.4	15.2	0.9	28.7	6.1	10.1	255.8	66.9	35.0	56.1	7794.0
Horry	LowCountry	12.7	9.6	7.8	18.9	15.0	36.5	173.4	60.4	36470.0	946.1	395.3	737.0	1606.0	16.2	20.2	6.5	0.6	16.1	4.6	18.7	834.7	81.1	122.0	35.6	7507.0
Jasper	LowCountry	14.3	7.8	6.6	57.6	11.0	33.5	31.6	0.0	30727.0	844.9	78.7	327.9	874.6	28.5	35.5	16.6	1.3	26.3	3.9	8.7	693.5	65.1	57.0	128.6	8285.0
Kershaw	Midlands	12.8	9.4	4.3	28.4	12.9	20.8	72.5	37.9	38804.0	563.2	1186.8	2807.7	670.7	12.8	27.3	8.1	0.7	15.4	5.3	16.3	364.7	75.4	53.0	38.5	7030.0
Lancaster	Midlands	12.2	9.1	7.9	29.0	12.1	12.5	111.7	38.6	34688.0	381.2	474.3	2233.3	662.3	20.1	21.7	9.0	0.5	16.1	6.4	10.2	519.1	69.8	88.0	32.0	6869.0
Laurens	Upstate	11.6	10.5	6.1	28.4	13.2	19.7	97.5	34.3	33933.0	172.7	335.5	2116.3	391.9	17.8	33.6	9.5	0.7	19.4	7.1	11.7	482.3	67.7	50.0	24.2	7152.0
Lee	Peedee	12.9	11.2	19.0	65.0	12.4	9.1	49.0	18.7	26907.0	92.1	1636.8	659.7	331.6	54.5	35.5	16.8	1.4	28.2	10.0	9.2	435.1	61.4	41.0	49.2	8973.0
Lexington	Midlands	14.0	8.1	6.6	15.8	10.2	28.9	308.2	66.3	44659.0	785.6	382.3	1631.9	1077.9	11.7	23.1	5.3	0.4	10.2	3.7	24.6	436.5	83.0	79.0	21.2	7606.0
McCormick	Upstate	7.6	12.0	12.8	55.2	16.5	12.3	27.7	0.0	31577.0	169.8	217.2	1082.1	208.6	26.2	28.8	11.0	1.7	28.9	9.8	16.0	225.0	66.1	94.0	9.8	9260.0
Marion	Peedee	13.8	10.6	10.3	58.3	12.1	4.6	72.5	39.7	26526.0	193.3	733.5	2376.3	599.7	44.5	29.8	15.8	1.3	31.8	8.2	10.1	635.6	68.0	179.0	39.9	7584.0
Marlboro	Peedee	11.9	10.8	8.9	55.5	12.3	-3.0	60.1	52.8	26598.0	154.9	930.1	3588.7	386.6	38.1	24.3	18.0	1.3	28.7	5.8	8.3	583.2	60.9	68.0	21.1	7339.0
Newberry	Midlands	12.5	11.4	10.8	36.0	14.7	8.9	57.2	33.1	32867.0	561.0	1371.5	3574.8	662.6	22.9	24.4	10.9	0.9	23.5	7.8	14.8	358.3	69.1	57.0	24.4	8113.0
Oconee	Upstate	11.7	10.0	7.5	10.9	15.6	15.2	105.9	29.4	36666.0	502.4	746.5	2959.6	805.9	9.8	27.6	6.2	0.7	13.9	4.3	18.1	361.7	73.9	38.0	23.3	8388.0
Orangeburg	Midlands	13.8	10.7	8.7	62.8	13.2	8.0	82.8	33.1	29567.0	255.2	818.1	3092.3	769.0	40.4	33.0	12.8	1.0	27.3	8.5	16.3	632.1	71.5	64.0	39.5	8588.0
Pickens	Upstate	11.2	8.1	5.6	9.7	11.4	18.0	222.9	58.3	36214.0	504.2	212.0	2161.9	745.1	8.5	23.4	5.9	0.6	11.6	5.4	19.1	258.8	73.6	64.0	22.2	6604.0
Richland	Midlands	13.3	7.8	7.7	49.7	9.8	12.0	423.9	87.2	39961.0	1005.7	42.7	1731.3	1279.7	15.8	6.6	9.0	0.5	16.3	6.7	32.5	719.0	85.1	43.0	13.9	8558.0
Saluda	Midlands	11.2	11.3	4.7	34.2	14.5	16.7	42.5	18.7	35774.0	80.5	2705.8	939.5	274.1	23.7	29.2	9.1	1.1	21.2	5.0	11.9	212.5	69.3	26.0	21.0	8056.0
Spartanburg	Upstate	13.1	9.8	7.9	24.9	12.5	11.9	312.9	64.8	37579.0	994.4	298.4	4632.2	1064.5	10.7	16.6	8.4	0.5	15.1	5.5	18.2	493.4	73.1	47.0	19.1	7400.0
Sumter	Midlands	15.6	8.9	8.5	50.0	11.2	3.3	157.2	62.1	33278.0	968.2	632.5	3059.2	832.2	31.7	26.2	11.0	0.6	20.7	7.6	15.8	628.5	74.3	39.0	30.2	6713.0
Union	Upstate	10.7	13.2	12.8	32.2	15.6	-1.5	58.1	35.7	31441.0	89.9	94.7	3328.8	520.2	18.8	23.5	12.7	1.0	19.9	7.3	9.8	307.8	66.9	92.0	24.1	7749.0
Williamsburg	Peedee	12.6	11.8	8.8	67.3	13.0	1.1	39.8	15.1	24214.0	141.7	908.3	1108.7	376.3	54.0	38.4	15.8	1.5	38.6	9.1	11.5	265.5	65.5	58.0	44.4	7741.0
York	Upstate	13.4	7.7	7.6	22.7	10.4	25.2	241.2	64.3	44539.0	552.7	158.1	2489.7	988.9	12.8	17.4	6.9	0.3	11.7	6.1	20.9	532.5	77.2	73.0	17.4	7226.0
